stereo_camera_config_left:
  image_width: 960
  image_height: 540
  camera_name: left
  camera_matrix:
    rows: 3
    cols: 3
    data: [794.1614027044714, 0, 422.5932859632485, 0, 796.0641260589528, 271.551956769938, 0, 0, 1]
  distortion_model: plumb_bob
  distortion_coefficients:
    rows: 1
    cols: 5
    data: [-0.4237276970418096, 0.2119590537707229, -0.005342448349061238, -0.00279702554668938, 0]
  rectification_matrix:
    rows: 3
    cols: 3
    data: [0.9918430516848367, -0.00691989307535249, -0.1272771617547165, 0.007502272722070515, 0.9999634651504484, 0.004096860787445452, 0.1272441618641667, -0.005018310884522798, 0.9918587297732233]
  projection_matrix:
    rows: 3
    cols: 4
    data: [805.385162848315, 0, 614.1706352233887, 0, 0, 805.385162848315, 266.1567878723145, 0, 0, 0, 1, 0]
stereo_camera_config_right:
  image_width: 960
  image_height: 540
  camera_name: right
  camera_matrix:
    rows: 3
    cols: 3
    data: [ 797.4476736864202, 0, 543.9420071018467, 0, 798.2630259933072, 263.9884617779129, 0, 0, 1 ]
  distortion_model: plumb_bob
  distortion_coefficients:
    rows: 1
    cols: 5
    data: [ -0.4259230502621031, 0.2088361319525156, -0.001024670803398994, 0.0001945600648924112, 0 ]
  rectification_matrix:
    rows: 3
    cols: 3
    data: [ 0.9911573430187207, -0.0195362849819771, -0.131245780690935, 0.01893536343838325, 0.9998037405637958, -0.005825149448572405, 0.1313338242477023, 0.003288453092996802, 0.9913327456937598 ]
  projection_matrix:
    rows: 3
    cols: 4
    data: [ 805.385162848315, 0, 614.1706352233887,
            -4.842016600377991,  0, 805.385162848315, 266.1567878723145,0,
            0, 0, 1, 0 ]
